1.000000000 0.000000000 0.000000000 0.000000000 0.000000000 1.000000000 0.000000000 0.000000000 0.000000000 0.000000000 1.000000000 0.000000000
1.000000000 -0.000058082 -0.000047481 -0.000072236 0.000058066 0.999999940 -0.000337333 0.000215834 0.000047501 0.000337330 0.999999940 0.000011821
0.999999940 0.000329207 0.000133290 -0.000096227 -0.000329221 0.999999940 0.000103237 -0.000023014 -0.000133256 -0.000103281 1.000000000 -0.000147351
1.000000000 -0.000065401 -0.000022278 -0.000036575 0.000065401 1.000000000 -0.000012380 0.000017628 0.000022279 0.000012378 1.000000000 -0.000023245
0.999999940 0.000054005 -0.000331481 0.000830635 -0.000054110 0.999999940 -0.000317883 0.000132607 0.000331464 0.000317901 0.999999881 0.001158522
0.999999940 0.000385860 0.000154493 -0.000045615 -0.000385874 0.999999940 0.000086756 0.000006740 -0.000154460 -0.000086815 1.000000000 -0.000043872
1.000000000 -0.000116895 -0.000029511 -0.000006698 0.000116889 1.000000000 -0.000203049 0.000019102 0.000029535 0.000203045 1.000000000 -0.000011348
1.000000000 0.000158582 -0.000030377 0.000031953 -0.000158584 1.000000000 -0.000067045 0.000070973 0.000030367 0.000067050 1.000000000 -0.000201811
1.000000000 0.000122574 -0.000093975 0.000837120 -0.000122594 1.000000000 -0.000208086 0.000120069 0.000093950 0.000208098 1.000000000 0.001242487
1.000000000 0.000008670 -0.000078170 0.000127804 -0.000008672 1.000000000 -0.000021550 0.000149023 0.000078170 0.000021550 1.000000000 -0.000350061
0.999999821 0.000540325 0.000175532 -0.000020320 -0.000540304 0.999999821 -0.000119487 0.000037724 -0.000175596 0.000119392 1.000000000 -0.000001808
1.000000000 0.000078938 0.000081002 -0.000104067 -0.000078936 1.000000000 -0.000028787 0.000024092 -0.000081004 0.000028781 1.000000000 -0.000164877
0.999999940 0.000412810 0.000069180 -0.000014701 -0.000412811 0.999999940 0.000024379 0.000019624 -0.000069170 -0.000024407 1.000000000 -0.000015793
1.000000000 0.000065596 -0.000008313 0.000101931 -0.000065596 1.000000000 0.000018507 0.000108943 0.000008315 -0.000018507 1.000000000 -0.000350520
0.999999940 0.000292432 0.000056358 -0.000026741 -0.000292434 0.999999940 0.000035116 0.000019035 -0.000056347 -0.000035133 1.000000000 -0.000058545
0.999999940 0.000253008 -0.000048250 -0.000011782 -0.000253021 0.999999940 -0.000273338 0.000059833 0.000048181 0.000273351 0.999999940 -0.000046408
1.000000000 0.000109395 0.000121554 -0.000072483 -0.000109384 1.000000000 -0.000089748 0.000031748 -0.000121563 0.000089734 1.000000000 -0.000099250
1.000000000 0.000056058 -0.000030198 -0.000068084 -0.000056058 1.000000000 -0.000005886 -0.000005221 0.000030197 0.000005888 1.000000000 -0.000103043
0.999999940 0.000122221 -0.000242894 0.000007208 -0.000122240 1.000000000 -0.000078518 0.000087592 0.000242884 0.000078547 0.999999940 0.000111877
0.999999940 0.000072416 -0.000345731 0.000096220 -0.000072485 1.000000000 -0.000199785 0.000005441 0.000345716 0.000199810 0.999999940 0.000227620
0.999999702 -0.000228796 -0.000705449 0.000407703 0.000228368 0.999999762 -0.000606957 0.000168853 0.000705588 0.000606796 0.999999583 0.000606364
0.999999821 -0.000290535 -0.000469382 0.000091253 0.000290219 0.999999702 -0.000672715 0.000159870 0.000469577 0.000672578 0.999999642 0.000097034
0.999999821 -0.000401049 -0.000495881 0.000132792 0.000400618 0.999999523 -0.000869914 0.000119965 0.000496230 0.000869715 0.999999523 0.000058354
0.999999762 -0.000292365 -0.000620363 0.000193893 0.000291953 0.999999762 -0.000662640 0.000185065 0.000620556 0.000662459 0.999999583 0.000269311
0.999998391 -0.000968311 -0.001517949 0.003882452 0.000964780 0.999996841 -0.002325101 0.001851194 0.001520196 0.002323633 0.999996126 0.006838048
0.999999404 -0.000793944 -0.000721656 0.000176512 0.000793520 0.999999523 -0.000587276 0.000066751 0.000722122 0.000586703 0.999999583 0.000137796
0.999998987 -0.001367570 -0.000435426 0.000058147 0.001367134 0.999998569 -0.001000534 0.000052975 0.000436794 0.000999938 0.999999404 0.000054974
0.999999702 -0.000645243 0.000405657 -0.000018817 0.000645607 0.999999404 -0.000897719 0.000057456 -0.000405078 0.000897980 0.999999523 0.000121366
0.999999583 -0.000902096 0.000127644 -0.000083346 0.000902167 0.999999464 -0.000559682 0.000039969 -0.000127139 0.000559797 0.999999821 -0.000093476
0.999999583 -0.000941030 0.000014933 -0.000175623 0.000941038 0.999999404 -0.000542277 0.000045086 -0.000014423 0.000542291 0.999999881 -0.000255875
0.999999464 -0.000946891 -0.000397063 0.000128959 0.000946714 0.999999464 -0.000445344 0.000056605 0.000397484 0.000444968 0.999999821 0.000082058
0.999998808 -0.001340651 -0.000732396 -0.000021955 0.001340818 0.999999046 0.000226940 -0.000092733 0.000732091 -0.000227922 0.999999702 -0.000063674
0.999999523 -0.000924400 -0.000383596 -0.000106391 0.000924481 0.999999523 0.000210902 -0.000043790 0.000383401 -0.000211256 0.999999881 -0.000278605
0.999999881 -0.000452687 -0.000191898 -0.000281921 0.000452786 0.999999762 0.000517343 -0.000059823 0.000191663 -0.000517429 0.999999821 -0.000406451
0.999999821 -0.000547393 -0.000208973 0.000022376 0.000547443 0.999999821 0.000238715 -0.000063425 0.000208842 -0.000238830 0.999999940 -0.000009488
0.999999225 -0.001190748 0.000422345 -0.000059149 0.001190541 0.999999166 0.000491341 -0.000011012 -0.000422930 -0.000490837 0.999999762 -0.000323975
0.999999821 -0.000315694 0.000463044 -0.000183423 0.000315580 0.999999940 0.000245640 -0.000104601 -0.000463121 -0.000245493 0.999999881 -0.000229536
0.999999821 -0.000501362 -0.000254664 0.000103443 0.000501436 0.999999821 0.000287828 0.000000357 0.000254520 -0.000287956 0.999999940 -0.000077250
0.999999940 -0.000374246 -0.000121690 0.000671821 0.000374214 0.999999881 -0.000263247 -0.000150337 0.000121788 0.000263201 0.999999940 0.001165774
0.999999821 -0.000159623 -0.000582703 0.000824733 0.000159610 1.000000000 -0.000023281 -0.000225234 0.000582707 0.000023188 0.999999821 0.001352485
0.999999762 -0.000142118 -0.000645733 -0.000044578 0.000141921 0.999999940 -0.000305002 0.000069056 0.000645777 0.000304910 0.999999762 -0.000118656
0.999999762 -0.000069583 -0.000725495 0.001100718 0.000069249 0.999999881 -0.000460972 0.000203330 0.000725527 0.000460922 0.999999642 0.001556347
0.999999881 0.000463255 -0.000250503 -0.000016179 -0.000463247 0.999999881 0.000031364 0.000024872 0.000250518 -0.000031248 0.999999940 -0.000094537
0.999999940 -0.000177932 -0.000343911 0.000578782 0.000177797 0.999999881 -0.000392650 0.000086098 0.000343981 0.000392589 0.999999881 -0.000430234
0.999999762 0.000699700 -0.000106109 -0.000030687 -0.000699717 0.999999762 -0.000169505 0.000077179 0.000105991 0.000169580 1.000000000 -0.000130581
0.999999821 -0.000197788 -0.000534311 0.000580650 0.000197724 1.000000000 -0.000120779 0.000056385 0.000534335 0.000120673 0.999999821 -0.000499577
1.000000000 -0.000025383 -0.000165052 -0.000068554 0.000025385 1.000000000 0.000009000 0.000008375 0.000165052 -0.000009005 1.000000000 -0.000157496
1.000000000 0.000013127 0.000102672 -0.000109635 -0.000013122 1.000000000 -0.000043242 0.000021613 -0.000102673 0.000043241 1.000000000 -0.000167205
1.000000000 -0.000008241 -0.000056765 0.000446236 0.000008240 1.000000000 -0.000022415 0.000053253 0.000056766 0.000022414 1.000000000 -0.000537500
0.999999940 0.000279942 -0.000155165 0.000787912 -0.000280007 0.999999881 -0.000414541 0.000207974 0.000155049 0.000414584 0.999999881 0.001233117
1.000000000 0.000199069 -0.000084580 -0.000019530 -0.000199083 0.999999940 -0.000165812 0.000055805 0.000084547 0.000165829 1.000000000 -0.000048682
1.000000000 0.000038921 0.000001498 -0.000024861 -0.000038921 1.000000000 -0.000239575 0.000047163 -0.000001507 0.000239575 1.000000000 -0.000052338
0.999999940 0.000337191 0.000025406 -0.000021722 -0.000337190 0.999999940 -0.000047661 0.000026249 -0.000025422 0.000047653 1.000000000 -0.000034855
1.000000000 0.000189128 0.000137470 -0.000111550 -0.000189111 1.000000000 -0.000120801 0.000022417 -0.000137493 0.000120775 1.000000000 -0.000172035
1.000000000 -0.000013737 -0.000013323 -0.000011461 0.000013737 1.000000000 -0.000032500 0.000005386 0.000013324 0.000032499 1.000000000 -0.000024209
1.000000000 0.000100677 -0.000079232 -0.000028080 -0.000100669 1.000000000 0.000111220 0.000000876 0.000079243 -0.000111212 1.000000000 -0.000074889
0.999999940 0.000348569 0.000030891 -0.000073754 -0.000348572 0.999999940 0.000094198 -0.000023534 -0.000030858 -0.000094209 1.000000000 -0.000110667
1.000000000 0.000133657 0.000018425 -0.000012557 -0.000133652 0.999999940 -0.000267321 0.000057331 -0.000018460 0.000267318 0.999999940 0.000031759
1.000000000 0.000020168 0.000021558 0.000048840 -0.000020167 1.000000000 -0.000049875 0.000006657 -0.000021559 0.000049875 1.000000000 0.000131727
1.000000000 -0.000021458 0.000061098 -0.000027345 0.000021459 1.000000000 -0.000010375 -0.000058185 -0.000061098 0.000010376 1.000000000 -0.000059175
1.000000000 -0.000104571 0.000083826 0.000048426 0.000104592 0.999999940 -0.000248915 -0.000078620 -0.000083800 0.000248924 0.999999940 -0.000043248
0.999999940 0.000398935 -0.000000746 0.000025304 -0.000398935 0.999999940 0.000021465 0.000002564 0.000000754 -0.000021464 1.000000000 0.000006070
0.999999940 0.000304648 -0.000001029 -0.000018833 -0.000304648 0.999999940 -0.000153336 -0.000028154 0.000000982 0.000153336 1.000000000 -0.000072856
0.999999940 -0.000214064 -0.000245215 0.000027547 0.000214044 1.000000000 -0.000080877 0.000002443 0.000245232 0.000080825 0.999999940 -0.000009807
0.999999821 -0.000470973 -0.000311492 0.000709042 0.000470997 0.999999881 0.000076347 -0.000019107 0.000311456 -0.000076493 0.999999940 0.000282945
0.999999940 -0.000309506 -0.000125954 -0.000048726 0.000309458 0.999999881 -0.000385020 -0.000017778 0.000126073 0.000384981 0.999999940 -0.000093683
0.999999940 0.000291538 -0.000012654 -0.000038600 -0.000291536 0.999999940 0.000113289 -0.000014429 0.000012687 -0.000113285 1.000000000 -0.000066764
1.000000000 0.000204027 0.000107167 -0.000028434 -0.000204026 1.000000000 -0.000009217 0.000015831 -0.000107169 0.000009195 1.000000000 -0.000030633
0.999999940 0.000167677 -0.000332855 -0.001515632 -0.000167545 0.999999881 0.000395774 -0.000683293 0.000332921 -0.000395718 0.999999881 -0.002848860
0.999999940 0.000327100 -0.000003810 -0.000029096 -0.000327100 0.999999940 -0.000080255 0.000011562 0.000003783 0.000080257 1.000000000 0.000008008
1.000000000 0.000094219 -0.000104566 0.000017616 -0.000094224 1.000000000 -0.000053856 -0.000008795 0.000104561 0.000053866 1.000000000 0.000087740
1.000000000 0.000235596 0.000041312 0.000002130 -0.000235596 1.000000000 0.000002406 -0.000173779 -0.000041311 -0.000002416 1.000000000 0.000077799
0.999999940 0.000164097 -0.000278377 0.000185386 -0.000164138 1.000000000 -0.000145482 -0.000137622 0.000278353 0.000145528 0.999999940 0.000296372
1.000000000 -0.000202497 -0.000128474 0.000178981 0.000202443 0.999999881 -0.000414515 -0.000090241 0.000128558 0.000414489 0.999999881 0.000457208
1.000000000 -0.000023186 -0.000039789 -0.000006039 0.000023182 1.000000000 -0.000108196 -0.000243954 0.000039792 0.000108196 1.000000000 0.000011290
0.999999583 -0.000831595 -0.000406680 0.000557183 0.000831536 0.999999642 -0.000144714 -0.000058470 0.000406800 0.000144375 0.999999881 0.001075339
0.999999940 -0.000277908 -0.000152921 0.000491608 0.000277938 0.999999940 0.000195438 -0.000329779 0.000152867 -0.000195481 0.999999940 0.000109467
0.999999464 -0.000801880 -0.000658937 0.000430712 0.000801867 0.999999702 -0.000020242 -0.000605685 0.000658953 0.000019714 0.999999762 -0.000953021
0.999999940 0.000152896 -0.000333962 0.000882204 -0.000152895 1.000000000 0.000002529 -0.000307051 0.000333962 -0.000002478 0.999999940 0.001439067
0.999998510 -0.001603924 -0.000643670 0.001066325 0.001604010 0.999998689 0.000134257 -0.000350856 0.000643454 -0.000135289 0.999999762 0.001709992
0.999998689 -0.001550880 -0.000522147 0.000447145 0.001551057 0.999998748 0.000339856 -0.000591622 0.000521619 -0.000340665 0.999999821 0.000624243
0.999999225 -0.001111177 -0.000542764 0.001135686 0.001111356 0.999999344 0.000329877 -0.000353735 0.000542397 -0.000330480 0.999999821 0.001883822
0.999999702 -0.000604262 -0.000531855 0.001232877 0.000604317 0.999999821 0.000102429 -0.000789720 0.000531793 -0.000102750 0.999999881 0.002180484
1.000000000 -0.000073030 -0.000056883 0.000956987 0.000073038 1.000000000 0.000145287 -0.001005516 0.000056872 -0.000145292 1.000000000 0.001071084
0.999999464 -0.000968158 -0.000300642 0.000452432 0.000968385 0.999999225 0.000756286 -0.001143427 0.000299910 -0.000756576 0.999999642 0.000240950
0.999999642 -0.000838948 -0.000149993 -0.000074637 0.000839107 0.999999106 0.001067892 -0.000852547 0.000149097 -0.001068018 0.999999404 -0.000222105
1.000000000 -0.000181445 0.000011487 -0.000796396 0.000181414 0.999996364 0.002685053 -0.001720904 -0.000011974 -0.002685051 0.999996424 -0.002114339
0.999999702 -0.000678308 -0.000422754 0.001183873 0.000679202 0.999997556 0.002116994 -0.001160457 0.000421317 -0.002117280 0.999997675 0.001684842
0.999999642 -0.000783745 -0.000228949 0.000406066 0.000784591 0.999992788 0.003719385 -0.001222240 0.000226033 -0.003719563 0.999993086 0.000295342
0.999999583 -0.000832568 -0.000380426 0.000688022 0.000834754 0.999982953 0.005783077 -0.000888930 0.000375605 -0.005783392 0.999983191 0.001566953
0.999999404 -0.001036001 -0.000410710 -0.001008758 0.001041023 0.999922335 0.012421632 -0.002314776 0.000397809 -0.012422052 0.999922752 -0.001668379
0.999994934 -0.003180058 -0.000227340 -0.000037628 0.003184388 0.999738932 0.022625534 -0.002843377 0.000155330 -0.022626143 0.999743998 0.000968425
0.999977350 -0.006725624 -0.000194346 0.000733452 0.006728427 0.999527276 0.029998733 -0.004402475 -0.000007506 -0.029999362 0.999549925 0.003565031
0.999943852 -0.010590200 -0.000407676 -0.002272959 0.010597878 0.999403179 0.032877464 -0.010128642 0.000059253 -0.032879941 0.999459326 0.000333045
1.000000000 0.000000000 0.000000000 0.000000000 0.000000000 1.000000000 0.000000000 0.000000000 0.000000000 0.000000000 1.000000000 0.000000000
1.000000000 0.000000000 0.000000000 0.000000000 0.000000000 1.000000000 0.000000000 0.000000000 0.000000000 0.000000000 1.000000000 0.000000000
0.999998093 0.000273600 0.001888639 -0.007035667 -0.000261619 0.999979854 -0.006341144 -0.025066979 -0.001890336 0.006340637 0.999978125 0.000134172
0.999992669 0.002079295 0.003223473 -0.011422915 -0.002060441 0.999980807 -0.005841344 -0.038412895 -0.003235555 0.005834660 0.999977767 -0.000650332
0.999980628 0.005708974 0.002451420 -0.016570918 -0.005699754 0.999976695 -0.003752133 -0.050660912 -0.002472784 0.003738089 0.999989867 -0.001870759
0.999983013 0.005178559 -0.002663090 -0.022855572 -0.005178938 0.999986708 -0.000135783 -0.063390270 0.002662350 0.000149573 0.999996424 -0.002986904
0.999903917 0.004574184 -0.013086759 -0.029392269 -0.004571587 0.999989629 0.000228373 -0.078927711 0.013087667 -0.000168524 0.999914289 -0.005060400
0.999641001 0.007460012 -0.025734231 -0.037042938 -0.007436523 0.999971807 0.001008355 -0.095971316 0.025741028 -0.000816619 0.999668300 -0.008159094
0.999101043 0.011288787 -0.040860184 -0.044912022 -0.011080605 0.999924421 0.005317898 -0.115515642 0.040917125 -0.004860363 0.999150753 -0.012650326
0.998217821 0.016874874 -0.057240419 -0.053393330 -0.016245367 0.999802530 0.011445179 -0.136110470 0.057422258 -0.010494892 0.998294830 -0.017029613
0.996863127 0.023942776 -0.075436279 -0.061268765 -0.022634128 0.999578953 0.018155281 -0.156170696 0.075839207 -0.016390897 0.996985316 -0.020585261
0.995051205 0.034192238 -0.093295619 -0.070520632 -0.032011557 0.999180555 0.024771549 -0.175376758 0.094066158 -0.021662422 0.995330215 -0.024954207
0.992740750 0.044737674 -0.111644089 -0.079696737 -0.041934762 0.998746514 0.027330130 -0.191951081 0.112726822 -0.022449967 0.993372381 -0.025797822
0.990389943 0.052145042 -0.128095880 -0.088834174 -0.049125440 0.998437762 0.026622474 -0.207509726 0.129283994 -0.020073868 0.991404355 -0.027565144
0.987924993 0.059959963 -0.142860249 -0.097331747 -0.056952376 0.998062491 0.025053317 -0.220715508 0.144085646 -0.016614567 0.989425719 -0.024248620
0.985795498 0.065050006 -0.154841587 -0.107635558 -0.061974503 0.997774184 0.024612507 -0.232989535 0.156098008 -0.014666669 0.987632573 -0.022262679
0.983806074 0.070004500 -0.164999947 -0.117524840 -0.067191683 0.997484684 0.022574680 -0.243080467 0.166165218 -0.011122481 0.986035168 -0.016811064
0.982050300 0.074133426 -0.173440292 -0.128885642 -0.071895152 0.997228086 0.019160952 -0.253365815 0.174380019 -0.006347499 0.984658003 -0.012633752
0.980295241 0.080338083 -0.180463567 -0.139287606 -0.078688085 0.996766031 0.016295336 -0.262591034 0.181189120 -0.001773905 0.983446598 -0.007163275
0.978661239 0.085021436 -0.187065601 -0.150667593 -0.083563305 0.996379077 0.015681170 -0.272413522 0.187721491 0.000285272 0.982222259 -0.000993485
0.977428615 0.086029276 -0.192956775 -0.163500831 -0.084882617 0.996289492 0.014217533 -0.284342885 0.193463936 0.002482053 0.981104195 0.004663842
0.976329803 0.087079436 -0.197983205 -0.175046131 -0.086408399 0.996186912 0.012042951 -0.293327570 0.198276952 0.005349519 0.980131388 0.010000344
0.975551367 0.084664702 -0.202808946 -0.188540116 -0.084402882 0.996381819 0.009955362 -0.311777741 0.202918038 0.007405692 0.979167640 0.015550502
0.974986732 0.082775801 -0.206274301 -0.202708885 -0.083424151 0.996498585 0.005567975 -0.328480542 0.206012964 0.011779551 0.978478253 0.019876141
0.974367857 0.083697245 -0.208811164 -0.215331450 -0.086425334 0.996250451 -0.003958829 -0.339285374 0.207696855 0.021903928 0.977947950 0.026056264
0.973876774 0.087278731 -0.209634081 -0.228715748 -0.092244163 0.995637834 -0.014007399 -0.357120544 0.207497060 0.032978997 0.977679610 0.031103469
0.973687291 0.093568757 -0.207792938 -0.245258689 -0.100965217 0.994569302 -0.025255693 -0.372345686 0.204301313 0.045571007 0.977846682 0.032703236
0.973456860 0.100909442 -0.205424249 -0.261112094 -0.108797662 0.993685126 -0.027443890 -0.389630735 0.201357633 0.049065113 0.978288114 0.038097396
0.973249495 0.108116016 -0.202722251 -0.277809352 -0.115628324 0.992963850 -0.025551870 -0.405988783 0.198533297 0.048308775 0.978902817 0.036200441
0.972829700 0.116648115 -0.199989036 -0.293318987 -0.122776233 0.992262423 -0.018475262 -0.427627861 0.196286470 0.042527188 0.979623914 0.035779454
0.972605705 0.121415377 -0.198233709 -0.309356779 -0.126240209 0.991929114 -0.011836987 -0.455245137 0.195196569 0.036537785 0.980083227 0.032630555
0.972789407 0.119242765 -0.198650330 -0.327701628 -0.122662924 0.992435992 -0.004955381 -0.490187049 0.196556836 0.029187577 0.980057836 0.026140265
0.973433971 0.111387156 -0.200047970 -0.352830410 -0.114444792 0.993422568 -0.003748810 -0.515719235 0.198314562 0.026543666 0.979778886 0.018296301
0.972743452 0.104984872 -0.206756830 -0.373896331 -0.107426167 0.994212806 -0.000584183 -0.549691796 0.205498993 0.022779355 0.978392124 0.010681719
0.971699297 0.103566349 -0.212307632 -0.405156434 -0.105590977 0.994408011 0.001811158 -0.587316990 0.211307973 0.020657871 0.977201164 0.000036657
0.970214605 0.102208383 -0.219629407 -0.435910642 -0.103354178 0.994624615 0.006298122 -0.625597000 0.219092518 0.016589083 0.975563049 -0.008457132
0.968645453 0.101761036 -0.226650670 -0.463721484 -0.103029817 0.994658589 0.006256842 -0.652682066 0.226076722 0.017291116 0.973956048 -0.016395874
0.966662049 0.099192381 -0.236062422 -0.485779881 -0.101270653 0.994853318 0.003335404 -0.675311148 0.235178322 0.020681992 0.971732140 -0.022560097
0.964392364 0.098504692 -0.245447218 -0.510932565 -0.100762986 0.994904697 0.003372377 -0.699355781 0.244528770 0.021479700 0.969404042 -0.026792683
0.961605251 0.099189878 -0.255884022 -0.537733376 -0.101112463 0.994858861 0.005665247 -0.722784162 0.255130410 0.020425336 0.966690958 -0.032419406
0.957221985 0.101004876 -0.271153152 -0.565634966 -0.103515141 0.994614959 0.005067168 -0.737209082 0.270204782 0.023218058 0.962522864 -0.039804228
0.952653408 0.104436770 -0.285559922 -0.598829091 -0.106085464 0.994309306 0.009734472 -0.767446160 0.284951568 0.021020181 0.958311439 -0.045286141
0.947789907 0.108144291 -0.299998462 -0.628838658 -0.109810300 0.993887663 0.011353987 -0.785918355 0.299392641 0.022181725 0.953872144 -0.050935581
0.943468332 0.115172476 -0.310809791 -0.657138467 -0.116055943 0.993118286 0.015716309 -0.808431566 0.310480952 0.021243481 0.950342238 -0.057210714
0.939607501 0.121850058 -0.319828570 -0.689708114 -0.118263878 0.992507756 0.030689934 -0.835203946 0.321171939 0.008987676 0.946978331 -0.060514465
0.936169028 0.128780290 -0.327113479 -0.718423426 -0.120159365 0.991664112 0.046519976 -0.844953477 0.330377549 -0.004244812 0.943839252 -0.065553278
0.932563961 0.136206880 -0.334323525 -0.741928518 -0.120098606 0.990396321 0.068494104 -0.855215192 0.340442181 -0.023723340 0.939966083 -0.071178168
0.929955661 0.142841712 -0.338789999 -0.771982670 -0.119813621 0.988883615 0.088055916 -0.867216349 0.347601950 -0.041296430 0.936732352 -0.073226131
0.928315282 0.135639369 -0.346168578 -0.807066262 -0.105201535 0.988855302 0.105346121 -0.887524843 0.356599689 -0.061376948 0.932238996 -0.072975568
0.924962819 0.120570138 -0.360425591 -0.827951074 -0.088457063 0.990597129 0.104368068 -0.914531410 0.369620204 -0.064654395 0.926930785 -0.073965743
0.923386395 0.101749904 -0.370141357 -0.860627532 -0.074258037 0.993364632 0.087820195 -0.928533077 0.376621068 -0.053605996 0.924815059 -0.069038019
0.923460603 0.089053303 -0.373215944 -0.903096437 -0.065789849 0.995037854 0.074640669 -0.958500385 0.378011048 -0.044373900 0.924737096 -0.061933234
0.920313418 0.078098923 -0.383306444 -0.918578804 -0.061303303 0.996554792 0.055860300 -0.974587142 0.386348486 -0.027911028 0.921930432 -0.051455364
0.921035886 0.074184582 -0.382347405 -0.960715592 -0.060757950 0.997041047 0.047090255 -1.009861112 0.384709388 -0.020141175 0.922817945 -0.048031449
0.920556307 0.071588397 -0.383993655 -0.987902284 -0.062244292 0.997385144 0.036724109 -1.023391485 0.385618538 -0.009905195 0.922605097 -0.035959363
0.919761062 0.070456937 -0.386102796 -1.011743069 -0.063042648 0.997502506 0.031848535 -1.037284493 0.387382478 -0.004952101 0.921905756 -0.022932529
0.918910921 0.067153357 -0.388706923 -1.034301996 -0.060235035 0.997734129 0.029972615 -1.044379950 0.389838874 -0.004128391 0.920873761 -0.009789109
0.918057144 0.065302022 -0.391032815 -1.054999590 -0.056856006 0.997831941 0.033151604 -1.053456068 0.392349869 -0.008202504 0.919779480 0.008719563
0.918743908 0.069380164 -0.388710797 -1.078098416 -0.061907619 0.997577250 0.031732697 -1.058707476 0.389970690 -0.005090056 0.920813203 0.025209397
0.919463038 0.079037420 -0.385150343 -1.095191956 -0.073771544 0.996869087 0.028455811 -1.062372088 0.386193573 0.002249069 0.922415018 0.044524819
0.920103490 0.087726764 -0.381724358 -1.111647129 -0.087018244 0.996022463 0.019155277 -1.069362164 0.381886512 0.015592147 0.924077630 0.062846512
0.921167254 0.092398562 -0.378038943 -1.128408909 -0.097362854 0.995230854 0.006005809 -1.075413465 0.376790971 0.031274594 0.925770164 0.080197364
0.921940148 0.093595274 -0.375854045 -1.144070148 -0.103401139 0.994621992 -0.005953781 -1.082763076 0.373275429 0.044352766 0.926659763 0.097556621
0.923810303 0.096240461 -0.370556504 -1.166391134 -0.110018604 0.993797898 -0.016172275 -1.090110421 0.366701841 0.055708226 0.928669095 0.115288734
0.924481153 0.096356668 -0.368849307 -1.181032181 -0.112619698 0.993377328 -0.022763416 -1.093273401 0.364213139 0.062584065 0.929210484 0.132015824
0.924782813 0.098757207 -0.367455691 -1.192642689 -0.116997465 0.992747545 -0.027639445 -1.098288178 0.362061113 0.068551868 0.929630220 0.147028536
0.925433278 0.104487397 -0.364219278 -1.208716869 -0.123106018 0.991992354 -0.028212916 -1.105902910 0.358354926 0.070946753 0.930885673 0.161068350
0.925492287 0.103946127 -0.364223748 -1.220458508 -0.124140821 0.991735101 -0.032409661 -1.107117534 0.357844681 0.075209931 0.930747330 0.173572421
0.925908029 0.103975788 -0.363157541 -1.237590075 -0.123731010 0.991815686 -0.031497899 -1.116077423 0.356910378 0.074098006 0.931195140 0.185401469
0.924471438 0.102219425 -0.367292315 -1.249914169 -0.123269461 0.991782010 -0.034249913 -1.118051887 0.360772938 0.076938987 0.929474711 0.192662746
0.922808766 0.098222777 -0.372526705 -1.262203455 -0.119769990 0.992181540 -0.035084683 -1.112807274 0.366168082 0.076993980 0.927358031 0.200998902
0.920348108 0.095990628 -0.379137099 -1.273917317 -0.114434659 0.993081033 -0.026357904 -1.116763711 0.373983771 0.067644879 0.924965024 0.208139092
0.918101907 0.087890863 -0.386476278 -1.282585740 -0.104538843 0.994272411 -0.022226088 -1.118107438 0.382309198 0.060807589 0.922031403 0.214280665
0.916069567 0.081641942 -0.392620772 -1.289935827 -0.097749233 0.994985759 -0.021171890 -1.111695766 0.388923675 0.057773307 0.919456720 0.216586828
0.915081978 0.072891906 -0.396625459 -1.302127600 -0.089423880 0.995720506 -0.023322258 -1.099602222 0.393228054 0.056809556 0.917684197 0.220382333
0.911927164 0.067657620 -0.404736072 -1.310176134 -0.078336887 0.996878207 -0.009861059 -1.122758865 0.402805388 0.040698327 0.914380372 0.228549749
0.911166430 0.045433652 -0.409526020 -1.317864537 -0.062326089 0.997663319 -0.027988315 -1.088584185 0.407297522 0.051026162 0.911868870 0.225262761
0.907475412 0.038554426 -0.418332279 -1.324425936 -0.049474284 0.998658419 -0.015284467 -1.120585084 0.417181790 0.034566972 0.908165455 0.237489104
0.905386329 0.015976328 -0.424287975 -1.322687984 -0.033405483 0.998874485 -0.033671752 -1.096367002 0.423272491 0.044659492 0.904901028 0.233544409
0.902141988 0.004090510 -0.431419820 -1.318408012 -0.023467386 0.998939872 -0.039601181 -1.092706919 0.430800527 0.045850188 0.901281655 0.238464773
0.901448548 -0.004913215 -0.432858229 -1.317024827 -0.015764512 0.998899579 -0.044168513 -1.087815166 0.432598948 0.046639457 0.900379241 0.242292464
0.901629746 -0.007505141 -0.432443440 -1.310652018 -0.011232854 0.999105811 -0.040759776 -1.096254349 0.432362676 0.041607793 0.900739253 0.248534679
0.902718306 -0.011557605 -0.430076599 -1.297226667 -0.004762147 0.999309421 -0.036850408 -1.100221038 0.430205524 0.035313636 0.902039945 0.261044502
0.908389986 -0.021009486 -0.417595655 -1.289398193 0.004029973 0.999130309 -0.041500486 -1.082597971 0.418104410 0.036015723 0.907684684 0.260467052
0.915744841 -0.027283700 -0.400832742 -1.280966878 0.014698761 0.999298692 -0.034438919 -1.084920406 0.401491255 0.025645517 0.915503681 0.267616838
0.921986103 -0.033381864 -0.385781467 -1.256196737 0.024487339 0.999309361 -0.027948044 -1.080148220 0.386448026 0.016320944 0.922166765 0.275178850
0.930278957 -0.041509420 -0.364497155 -1.234840035 0.033325396 0.999031842 -0.028717138 -1.062957525 0.365336329 0.014567919 0.930761635 0.286072046
0.939054430 -0.045773461 -0.340707421 -1.204308271 0.037984978 0.998842716 -0.029498972 -1.058759093 0.341663361 0.014759377 0.939706504 0.299207091
0.949819267 -0.051336695 -0.308557987 -1.181362867 0.037908107 0.998061299 -0.049362894 -1.034468293 0.310494006 0.035188973 0.949923813 0.307081729
0.956280410 -0.054599147 -0.287309408 -1.128781080 0.039327595 0.997502744 -0.058663521 -1.032238483 0.289794952 0.044799596 0.956039667 0.313206553
0.965063393 -0.053752538 -0.256443620 -1.101381183 0.037167512 0.996917784 -0.069090620 -1.017778158 0.259367049 0.057145458 0.964086652 0.318315506
0.971172631 -0.051105130 -0.232834443 -1.063882470 0.035855319 0.996953607 -0.069266975 -1.011228323 0.235665053 0.058921844 0.970046401 0.322321713
0.975510240 -0.048683725 -0.214498252 -1.016303062 0.035391644 0.997232437 -0.065380827 -1.009567380 0.217087656 0.056188237 0.974533617 0.321066797
0.979178905 -0.046952583 -0.197494805 -0.973786235 0.036807030 0.997822285 -0.054733936 -1.012892008 0.199634656 0.046325117 0.978774786 0.321010292
0.981496215 -0.054099239 -0.183680266 -0.933186412 0.046392873 0.997863472 -0.045999680 -1.010717750 0.185776368 0.036627069 0.981909156 0.313407689
0.981718540 -0.068051666 -0.177757263 -0.882066727 0.062521167 0.997374594 -0.036537487 -1.015496969 0.179776981 0.024755925 0.983395815 0.306298912
0.981487989 -0.080091685 -0.173972875 -0.829849839 0.076966986 0.996729016 -0.024644803 -1.029311538 0.175377652 0.010798402 0.984441996 0.297135472
0.980530143 -0.095941462 -0.171334982 -0.776635766 0.094721884 0.995386243 -0.015298486 -1.038495064 0.172012210 -0.001228534 0.985094070 0.285287321
0.979331374 -0.106890857 -0.171709985 -0.711898029 0.107564859 0.994183362 -0.005401421 -1.058376551 0.171288565 -0.013180196 0.985132694 0.268239409
0.978336573 -0.117298178 -0.170583054 -0.647016287 0.118500404 0.992949009 -0.003152922 -1.068304420 0.169750139 -0.017129548 0.985338211 0.255159944
0.978839219 -0.113757886 -0.170096874 -0.570412099 0.116043270 0.993237972 0.003521748 -1.089491844 0.168546036 -0.023185819 0.985421002 0.239866778
0.980780780 -0.106731817 -0.163332373 -0.502891839 0.109533466 0.993949056 0.008218363 -1.113957405 0.161466882 -0.025950752 0.986536980 0.223647088
0.983893156 -0.091354825 -0.153650567 -0.436433434 0.093566410 0.995586932 0.007209159 -1.116567731 0.152313828 -0.021469571 0.988098919 0.209117711
0.986428201 -0.078590214 -0.144162759 -0.371762872 0.080686070 0.996701241 0.008740503 -1.134324312 0.143000245 -0.020253811 0.989515364 0.197576001
0.988635898 -0.065557927 -0.135281667 -0.306923330 0.067450114 0.997677922 0.009446364 -1.142091393 0.134348214 -0.018463783 0.990762174 0.187524244
0.989892364 -0.052117679 -0.131896332 -0.225414962 0.054122910 0.998466194 0.011661567 -1.156139255 0.131086215 -0.018682308 0.991194963 0.178616285
0.991334021 -0.035761394 -0.126403540 -0.147688925 0.037356786 0.999249160 0.010272801 -1.163894415 0.125941262 -0.014905814 0.991925716 0.167202979
0.992315412 -0.021065000 -0.121927470 -0.071599238 0.022176646 0.999723911 0.007767182 -1.158239365 0.121730223 -0.010411445 0.992508531 0.162302345
0.993435621 -0.004025516 -0.114321500 0.000355739 0.005069214 0.999948025 0.008840203 -1.161419988 0.114280015 -0.009361692 0.993404508 0.152634144
0.993199825 0.008048469 -0.116142720 0.094122455 -0.007082308 0.999936819 0.008729085 -1.156399369 0.116205692 -0.007847168 0.993194103 0.155560195
0.993371487 0.019191872 -0.113335133 0.167531058 -0.018280283 0.999791682 0.009077273 -1.154138684 0.113485754 -0.006945316 0.993515253 0.148733631
0.993032932 0.026340600 -0.114855707 0.256182015 -0.024688374 0.999570549 0.015784439 -1.165645242 0.115222186 -0.012838867 0.993256807 0.154535845
0.993240833 0.029653985 -0.112219661 0.336774200 -0.028016310 0.999477148 0.016142743 -1.153420687 0.112639725 -0.012889655 0.993552208 0.159405187
0.994102240 0.032337233 -0.103512555 0.404704362 -0.030373253 0.999328375 0.020494197 -1.152131081 0.104105800 -0.017229313 0.994416952 0.162808120
0.995063663 0.031605467 -0.094070107 0.482559055 -0.030155651 0.999404132 0.016794182 -1.127616525 0.094544858 -0.013874535 0.995423913 0.164423406
0.996226490 0.027114712 -0.082446367 0.559776366 -0.026261419 0.999589860 0.011416752 -1.097833991 0.082722098 -0.009208508 0.996530116 0.165254980
0.997292578 0.021239065 -0.070402265 0.641969502 -0.020381574 0.999709308 0.012876131 -1.086359262 0.070655286 -0.011406355 0.997435570 0.164477751
0.998966157 0.009555395 -0.044442602 0.691200197 -0.008989241 0.999876082 0.012921416 -1.053830028 0.044560559 -0.012508553 0.998928368 0.178621948
0.999710500 0.002124780 -0.023966260 0.761415422 -0.001710339 0.999848783 0.017299999 -1.042077899 0.023999400 -0.017254001 0.999563038 0.184783906
0.999982536 -0.005890996 0.000138760 0.829731882 0.005885549 0.999658227 0.025470097 -1.023861170 -0.000288762 -0.025468841 0.999675572 0.191448689
0.999545634 -0.012566472 0.027397856 0.898521423 0.011469183 0.999139965 0.039845973 -1.018198371 -0.027875014 -0.039513640 0.998830140 0.202341899
0.998192847 -0.022249138 0.055820517 0.968420923 0.019515028 0.998605311 0.049056314 -0.995355308 -0.056834131 -0.047878325 0.997234881 0.208767831
0.995871305 -0.032219540 0.084865130 1.038395405 0.027369332 0.997958243 0.057708289 -0.971173942 -0.086551204 -0.055147327 0.994719923 0.218553573
0.992896676 -0.041235134 0.111604586 1.113993406 0.033941500 0.997210145 0.066481993 -0.955100536 -0.114034638 -0.062221728 0.991526365 0.229006752
0.989134490 -0.048014674 0.138951302 1.177894831 0.037423383 0.996261835 0.077857688 -0.957696557 -0.142170206 -0.071811691 0.987233877 0.241759986
0.985536456 -0.057636548 0.159360692 1.249409795 0.044178423 0.995250642 0.086742662 -0.943798780 -0.163603380 -0.078447752 0.983402193 0.255485773
0.981762409 -0.065637626 0.178421646 1.310206175 0.049239971 0.994274855 0.094830900 -0.921320498 -0.183624670 -0.084315933 0.979373693 0.268205881
0.977977574 -0.075767830 0.194471270 1.371129036 0.055537697 0.992657483 0.107454896 -0.910581470 -0.201185018 -0.094287984 0.975004852 0.285249591
0.974725246 -0.085644767 0.206338912 1.434878111 0.061256073 0.990659714 0.121823713 -0.901139379 -0.214845225 -0.106105119 0.970867217 0.306096792
0.971840322 -0.094611391 0.215812773 1.497108102 0.066783093 0.988891661 0.132790536 -0.890873313 -0.225978971 -0.114638545 0.967363238 0.328140736
0.969404042 -0.102782905 0.222916067 1.557326794 0.072447345 0.987462282 0.140247822 -0.879762650 -0.234536290 -0.119807117 0.964696348 0.350965679
0.966657519 -0.112500131 0.230036855 1.611909509 0.079492182 0.985778928 0.148056850 -0.879853547 -0.243421912 -0.124834135 0.961853564 0.381855011
0.964535892 -0.131942436 0.228608191 1.674151063 0.100119226 0.984257162 0.145649657 -0.868430495 -0.244226664 -0.117596231 0.962561548 0.410036802
0.961785793 -0.149945855 0.229094684 1.731496453 0.119974121 0.982905805 0.139650732 -0.873095930 -0.246118560 -0.106828645 0.963334501 0.446502686
0.959946454 -0.161991045 0.228608161 1.791629791 0.136674091 0.982995152 0.122640371 -0.866013825 -0.244587362 -0.086483374 0.965762734 0.479429662
0.959365010 -0.164375454 0.229345888 1.853300810 0.143392146 0.984031558 0.105453208 -0.867603779 -0.243017569 -0.068281703 0.967615664 0.513914585
0.959248066 -0.159825027 0.233021960 1.910696030 0.144407600 0.986123145 0.081899822 -0.863891602 -0.242877990 -0.044912100 0.969016612 0.554601371
0.959939718 -0.152664348 0.234966710 1.967554927 0.141398281 0.987870514 0.064174093 -0.856425822 -0.241913825 -0.028379370 0.969882667 0.597530425
0.962598085 -0.142687142 0.230315909 2.030258417 0.133622691 0.989528716 0.054568786 -0.861222208 -0.235690504 -0.021752372 0.971584678 0.634108663
0.966783822 -0.132234782 0.218730465 2.104721069 0.124908932 0.991051853 0.047051549 -0.863078773 -0.222995102 -0.018167283 0.974650264 0.670472383
0.970850289 -0.112964123 0.211397350 2.165659666 0.106964268 0.993472159 0.039642997 -0.864453554 -0.214495629 -0.015875436 0.976595879 0.713550687
0.974802673 -0.087929957 0.205007732 2.214504480 0.083273739 0.996036708 0.031247512 -0.849317849 -0.206942841 -0.013388373 0.978261471 0.758950293
0.979868591 -0.070653312 0.186723277 2.287533998 0.064478174 0.997158706 0.038947597 -0.863354921 -0.188944563 -0.026123937 0.981640220 0.795487463
0.984232783 -0.055147737 0.168061107 2.351790667 0.048076350 0.997790158 0.045861661 -0.867374778 -0.170218885 -0.037058778 0.984709203 0.830768704
0.987550020 -0.045005143 0.150730297 2.413466692 0.036993161 0.997770667 0.055544298 -0.870067000 -0.152894050 -0.049276777 0.987013400 0.874346495
0.989774883 -0.033196926 0.138721049 2.464141369 0.024292678 0.997563541 0.065395728 -0.869326591 -0.140553996 -0.061357118 0.988170028 0.914802551
0.992855906 -0.029698884 0.115563124 2.530087471 0.021078758 0.996952415 0.075112157 -0.875392199 -0.117441654 -0.072139636 0.990456104 0.941185415
0.994511664 -0.021766284 0.102335244 2.587937355 0.013279218 0.996469855 0.082895212 -0.877317667 -0.103778288 -0.081081331 0.991289973 0.984819770
0.995642602 -0.010899832 0.092611179 2.644744396 0.002321828 0.995734930 0.092231095 -0.885583580 -0.093221486 -0.091614179 0.991421521 1.031953335
0.996340513 0.001361373 0.085461468 2.697198153 -0.009713523 0.995198905 0.097390495 -0.891568422 -0.084918559 -0.097864240 0.991570115 1.078611732
0.996776700 0.013477992 0.079085238 2.748821497 -0.021246163 0.994937718 0.098222040 -0.897676945 -0.077361047 -0.099585712 0.992017031 1.129903913
0.996790826 0.028108494 0.074953504 2.795745134 -0.035083581 0.995007813 0.093428746 -0.905949175 -0.071953177 -0.095758542 0.992800534 1.181054473
0.996205032 0.046884242 0.073329531 2.842677832 -0.053097524 0.994946897 0.085213855 -0.917284131 -0.068963796 -0.088784091 0.993660569 1.233969569
0.995190740 0.066653818 0.071780764 2.890328169 -0.071895510 0.994729817 0.073100522 -0.926588178 -0.066530034 -0.077909693 0.994738042 1.287574649
0.993815005 0.082191803 0.074673444 2.925456285 -0.086992301 0.994184256 0.063482568 -0.943453848 -0.069021404 -0.069585949 0.995185256 1.344141603
0.992720723 0.094803967 0.074282035 2.965417862 -0.098736241 0.993796825 0.051178418 -0.959087849 -0.068969324 -0.058140203 0.995923162 1.402422547
0.992125392 0.104687296 0.068757370 3.010452271 -0.107506156 0.993452787 0.038653363 -0.973120630 -0.064260677 -0.045740817 0.996884346 1.458572388
0.991365671 0.110627569 0.070394680 3.037791967 -0.112738080 0.993264973 0.026737507 -0.998214960 -0.066962644 -0.034442808 0.997160852 1.519193053
0.990913808 0.115729801 0.068529665 3.064399958 -0.116433285 0.993178308 0.006347939 -1.010699034 -0.067327514 -0.014269404 0.997628808 1.576647997
0.991021752 0.118659958 0.061610188 3.092327833 -0.117572725 0.992842376 -0.020995170 -1.023907304 -0.063660488 0.013562977 0.997879386 1.633014441
0.991189301 0.118674167 0.058821410 3.103087425 -0.116515681 0.992428005 -0.038871251 -1.055601120 -0.062989011 0.031675145 0.997511387 1.687405229
0.990703523 0.125624761 0.052197896 3.125457287 -0.122600205 0.990783334 -0.057596982 -1.081780434 -0.058952410 0.050662071 0.996974409 1.747955799
0.989062548 0.138907477 0.049597822 3.135343552 -0.134541199 0.987460613 -0.082584232 -1.092777014 -0.060447462 0.075008005 0.995349109 1.797558069
0.986553848 0.153727144 0.055492077 3.126591682 -0.147516549 0.983725727 -0.102579169 -1.113938332 -0.070358202 0.093013898 0.993175745 1.845240831
0.984134674 0.168474212 0.055637322 3.131303310 -0.160669997 0.979273379 -0.123324051 -1.133245230 -0.075261071 0.112428211 0.990805626 1.893278003
0.982366800 0.178770527 0.054740578 3.131173134 -0.169111639 0.974483490 -0.147591561 -1.153409958 -0.079728797 0.135731786 0.987532437 1.937129617
0.980571628 0.188477233 0.054365829 3.122964382 -0.176369205 0.968416393 -0.176248297 -1.172899842 -0.085867569 0.163235605 0.982843339 1.977137566
0.979546905 0.194313869 0.052250132 3.111784458 -0.179811165 0.961863399 -0.206123263 -1.193500757 -0.090310104 0.192512244 0.977130055 2.011810303
0.979475737 0.195015132 0.050956294 3.091615438 -0.178232715 0.956034243 -0.232876986 -1.214422464 -0.094130501 0.219015270 0.971170366 2.040329695
0.980316162 0.191818967 0.046752766 3.069109201 -0.173490942 0.949960649 -0.259760708 -1.226522446 -0.094240315 0.246536449 0.964540660 2.061998844
0.985244215 0.166458517 0.039817326 3.038650513 -0.149639606 0.950682580 -0.271681488 -1.245061159 -0.083077341 0.261714369 0.961563230 2.076922894
0.990695417 0.132689893 0.030265002 3.007767916 -0.119790763 0.955706656 -0.268840402 -1.260177970 -0.064596862 0.262713492 0.962709188 2.082261086
0.994912863 0.097920574 0.023664217 2.971761703 -0.089022122 0.964544296 -0.248454303 -1.270658970 -0.047153965 0.245083749 0.968354583 2.082825184
0.997953355 0.061290577 0.018235587 2.929486752 -0.055962186 0.975074649 -0.214703739 -1.281919956 -0.030940376 0.213243812 0.976509035 2.075245142
0.999416947 0.030842083 0.014649943 2.883709431 -0.027843006 0.984495819 -0.173184574 -1.287011981 -0.019764185 0.172675699 0.984780490 2.063986540
