%YAML:1.0

#--------------------------------------------------------------------------------------------
# Camera Parameters. Adjust them!
#--------------------------------------------------------------------------------------------
Camera.type: "KannalaBrandt8"

# Left Camera calibration and distortion parameters (OpenCV)
Camera.fx: 350.4831235139715
Camera.fy: 350.10097224389284
Camera.cx: 345.2741039224713
Camera.cy: 248.60977726525488

# Kannala-Brandt distortion parameters
Camera.k1: -0.038616930266761
Camera.k2: -0.001017864366762166
Camera.k3: -0.0010505629480572155
Camera.k4: 5.958057565690519e-05

# Right Camera calibration and distortion parameters (OpenCV)
Camera2.fx: 345.3947111047077
Camera2.fy: 345.21134481486314
Camera2.cx: 351.54050537989343
Camera2.cy: 247.96039164036995

# Kannala-Brandt distortion parameters
Camera2.k1: -0.041077936150781265
Camera2.k2: 0.0020649270282060614
Camera2.k3: -0.0025547692930631576
Camera2.k4: 0.0003120478962775664

# Transformation matrix from right camera to left camera
Tlr: !!opencv-matrix
  rows: 3
  cols: 4
  dt: f
  data: [-0.99993877,  0.00518574, -0.0097756 ,  0.10974099,
         -0.00532808, -0.99987934,  0.0145918 ,  0.00236479,
         -0.00969876,  0.014643  ,  0.99984575, -0.0000429]

# Lapping area between images
Camera.lappingBegin: 0
Camera.lappingEnd: 719

Camera2.lappingBegin: 0
Camera2.lappingEnd: 719

# Camera resolution
Camera.width: 720
Camera.height: 540

# Camera frames per second
Camera.fps: 20.0

# Color order of the images (0: BGR, 1: RGB. It is ignored if images are grayscale)
Camera.RGB: 1

# Close/Far threshold. Baseline times.
ThDepth: 40.0
Camera.bf: 19.3079


# Transformation from body-frame (imu) to left camera
Tbc: !!opencv-matrix
   rows: 4
   cols: 4
   dt: f
   data: [-0.01039765, -0.99994277,  0.00252032,  0.04692062,
           0.00227045, -0.00254406, -0.99999419, -0.00959377,
           0.99994337, -0.01039187,  0.00229678, -0.04950797,
           0.        ,  0.        ,  0.        ,  1.]

# IMU noise (Use those from VINS-mono)
IMU.NoiseGyro: 2.268e-03 # 0.004 (VINS) # 0.00016 (TUM) # 0.00016    # rad/s^0.5
IMU.NoiseAcc:  8.182e-03 # 0.04 (VINS) # 0.0028 (TUM) # 0.0028     # m/s^1.5
IMU.GyroWalk:  7.071e-04 # 0.000022 (VINS and TUM) rad/s^1.5
IMU.AccWalk:   9.999e-03 # 0.0004 (VINS) # 0.00086 # 0.00086    # m/s^2.5
IMU.Frequency: 200

#--------------------------------------------------------------------------------------------
# ORB Parameters
#--------------------------------------------------------------------------------------------

# ORB Extractor: Number of features per image
ORBextractor.nFeatures: 1000 # Tested with 1250

# ORB Extractor: Scale factor between levels in the scale pyramid
ORBextractor.scaleFactor: 1.2

# ORB Extractor: Number of levels in the scale pyramid
ORBextractor.nLevels: 8

# ORB Extractor: Fast threshold
# Image is divided in a grid. At each cell FAST are extracted imposing a minimum response.
# Firstly we impose iniThFAST. If no corners are detected we impose a lower value minThFAST
# You can lower these values if your images have low contrast
ORBextractor.iniThFAST: 20 # 20
ORBextractor.minThFAST: 7 # 7

#--------------------------------------------------------------------------------------------
# Viewer Parameters
#--------------------------------------------------------------------------------------------
Viewer.KeyFrameSize: 0.05
Viewer.KeyFrameLineWidth: 1
Viewer.GraphLineWidth: 0.9
Viewer.PointSize: 2
Viewer.CameraSize: 0.08
Viewer.CameraLineWidth: 3
Viewer.ViewpointX: 0
Viewer.ViewpointY: -0.7
Viewer.ViewpointZ: -3.5
Viewer.ViewpointF: 500
