%YAML:1.0

#--------------------------------------------------------------------------------------------
# Camera Parameters. Adjust them!
#--------------------------------------------------------------------------------------------
Camera.type: "KannalaBrandt8"

# Left Camera calibration and distortion parameters (OpenCV)
Camera.fx: 350.4753654456
Camera.fy: 350.3589687465
Camera.cx: 375.609030533
Camera.cy: 279.1048548603

# Kannala-Brandt distortion parameters
Camera.k1: -0.0436716079
Camera.k2: 0.0054433184
Camera.k3: -0.005698747
Camera.k4: 0.0012933061

# Right Camera calibration and distortion parameters (OpenCV)
Camera2.fx: 350.9913606911
Camera2.fy: 350.7739911093
Camera2.cx: 341.6814684415
Camera2.cy: 264.0445336872

# Kannala-Brandt distortion parameters
Camera2.k1: -0.04245936
Camera2.k2: 0.00656172
Camera2.k3: -0.0076956554
Camera2.k4: 0.0020906248

# Transformation matrix from right camera to left camera
Tlr: !!opencv-matrix
  rows: 3
  cols: 4
  dt: f
  data: [0.99999238, -0.00287225, -0.0026431 ,  0.09893247,
         0.00286051,  0.99998608, -0.00443312,  0.0006257 ,
         0.0026558 ,  0.00442552,  0.99998668,  0.00035044]

# Lapping area between images
Camera.lappingBegin: 0
Camera.lappingEnd: 719

Camera2.lappingBegin: 0
Camera2.lappingEnd: 719

# Camera resolution
Camera.width: 720
Camera.height: 540

# Camera frames per second
Camera.fps: 20.0

# Color order of the images (0: BGR, 1: RGB. It is ignored if images are grayscale)
Camera.RGB: 1

# Close/Far threshold. Baseline times.
ThDepth: 40.0
Camera.bf: 19.3079


# Transformation from body-frame (imu) to left camera
Tbc: !!opencv-matrix
   rows: 4
   cols: 4
   dt: f
   data: [-0.99996657,  0.00375511,  0.00726401,  0.04480651,
          -0.00725609,  0.0021197 , -0.99997143,  0.02823978,
          -0.0037704 , -0.9999907 , -0.00209238, -0.07883017,
           0.        ,  0.        ,  0.        ,  1.]

# IMU noise (Use those from VINS-mono)
IMU.NoiseGyro: 0.19 # 0.004 (VINS) # 0.00016 (TUM) # 0.00016    # rad/s^0.5
IMU.NoiseAcc:  0.19 # 0.04 (VINS) # 0.0028 (TUM) # 0.0028     # m/s^1.5
IMU.GyroWalk:  0.00266 # 0.000022 (VINS and TUM) rad/s^1.5
IMU.AccWalk:   0.043 # 0.0004 (VINS) # 0.00086 # 0.00086    # m/s^2.5
IMU.Frequency: 200

#--------------------------------------------------------------------------------------------
# ORB Parameters
#--------------------------------------------------------------------------------------------

# Whether or not to detect and close loops. 1 to enable, 0 to disable.
System.EnableLoopClosing: 0

# ORB Extractor: Number of features per image
ORBextractor.nFeatures: 1000 # Tested with 1250

# ORB Extractor: Scale factor between levels in the scale pyramid
ORBextractor.scaleFactor: 1.2

# ORB Extractor: Number of levels in the scale pyramid
ORBextractor.nLevels: 8

# ORB Extractor: Fast threshold
# Image is divided in a grid. At each cell FAST are extracted imposing a minimum response.
# Firstly we impose iniThFAST. If no corners are detected we impose a lower value minThFAST
# You can lower these values if your images have low contrast
ORBextractor.iniThFAST: 20 # 20
ORBextractor.minThFAST: 7 # 7

#--------------------------------------------------------------------------------------------
# Viewer Parameters
#--------------------------------------------------------------------------------------------
Viewer.KeyFrameSize: 0.05
Viewer.KeyFrameLineWidth: 1
Viewer.GraphLineWidth: 0.9
Viewer.PointSize: 2
Viewer.CameraSize: 0.08
Viewer.CameraLineWidth: 3
Viewer.ViewpointX: 0
Viewer.ViewpointY: -0.7
Viewer.ViewpointZ: -3.5
Viewer.ViewpointF: 500
