%YAML:1.0

#--------------------------------------------------------------------------------------------
# Camera Parameters. Adjust them!
#--------------------------------------------------------------------------------------------
Camera.type: "PinHole"

Camera.fx: 348.522264
Camera.fy: 348.44987
Camera.cx: 344.483596
Camera.cy: 188.808062

Camera.k1: -0.174497
Camera.k2: 0.027127
Camera.p1: -0.000359
Camera.p2: 0.000457

Camera2.fx: 349.569635
Camera2.fy: 349.390781
Camera2.cx: 340.836585
Camera2.cy: 206.10544

Camera2.k1: -0.174606
Camera2.k2: 0.027855
Camera2.p1: -0.000108
Camera2.p2: -0.000141
    
# Transformation matrix from right camera to left camera
Tlr: !!opencv-matrix
  rows: 3
  cols: 4
  dt: f
  # data: [0.99983074, -0.00097842, -0.01837215,  0.11898269,
  #        0.00100696,  0.9999983,   0.00154446, -0.00007937,
  #        0.01837061, -0.0015627,   0.99983002,  0.00038215]
  data: [ 0.99990666, -0.00112658, -0.01362604,  0.11870364,
          0.00116893,  0.99999426,  0.00313282,  0.00008743,
          0.01362203, -0.00314849,  0.99990254,  0.00188661]



# Lapping area between images
Camera.lappingBegin: 0
Camera.lappingEnd: 671

Camera2.lappingBegin: 0
Camera2.lappingEnd: 671

# Camera resolution
Camera.width: 672
Camera.height: 376

# Camera frames per second 
Camera.fps: 15.0

# Color order of the images (0: BGR, 1: RGB. It is ignored if images are grayscale)
Camera.RGB: 1

# Close/Far threshold. Baseline times.
ThDepth: 40.0
Camera.bf: 19.3079


# Transformation from body-frame (imu) to left camera
Tbc: !!opencv-matrix
   rows: 4
   cols: 4
   dt: f
   data: [0.00947255,  0.99845684,  0.05472127,  0.0758597,
         -0.99390828,  0.00339203,  0.11015914, -0.0334205,
          0.10980352, -0.05543141,  0.99240655, -0.0271885,
          0.0,          0.0,          0.0,          1.0]


# IMU noise (Use those from VINS-mono)
IMU.NoiseGyro: 0.00016 # 0.004 (VINS) # 0.00016 (TUM) # 0.00016    # rad/s^0.5 
IMU.NoiseAcc: 0.0028 # 0.04 (VINS) # 0.0028 (TUM) # 0.0028     # m/s^1.5
IMU.GyroWalk: 0.000022 # 0.000022 (VINS and TUM) rad/s^1.5
IMU.AccWalk: 0.00086 # 0.0004 (VINS) # 0.00086 # 0.00086    # m/s^2.5
IMU.Frequency: 140

#--------------------------------------------------------------------------------------------
# ORB Parameters
#--------------------------------------------------------------------------------------------

# ORB Extractor: Number of features per image
ORBextractor.nFeatures: 1000 # Tested with 1250

# ORB Extractor: Scale factor between levels in the scale pyramid 	
ORBextractor.scaleFactor: 1.2

# ORB Extractor: Number of levels in the scale pyramid	
ORBextractor.nLevels: 8

# ORB Extractor: Fast threshold
# Image is divided in a grid. At each cell FAST are extracted imposing a minimum response.
# Firstly we impose iniThFAST. If no corners are detected we impose a lower value minThFAST
# You can lower these values if your images have low contrast			
ORBextractor.iniThFAST: 20 # 20
ORBextractor.minThFAST: 7 # 7

#--------------------------------------------------------------------------------------------
# Viewer Parameters
#--------------------------------------------------------------------------------------------
Viewer.KeyFrameSize: 0.05
Viewer.KeyFrameLineWidth: 1
Viewer.GraphLineWidth: 0.9
Viewer.PointSize: 2
Viewer.CameraSize: 0.08
Viewer.CameraLineWidth: 3
Viewer.ViewpointX: 0
Viewer.ViewpointY: -0.7
Viewer.ViewpointZ: -3.5
Viewer.ViewpointF: 500
