%YAML:1.0

#--------------------------------------------------------------------------------------------
# Camera Parameters. Adjust them!
#--------------------------------------------------------------------------------------------
Camera.type: "KannalaBrandt8"

# Left Camera calibration and distortion parameters (OpenCV)
Camera.fx: 284.54730224609375
Camera.fy: 285.53131103515625
Camera.cx: 420.948486328125
Camera.cy: 393.4858093261719

# Kannala-Brandt distortion parameters
Camera.k1: -0.0015544580528512597
Camera.k2: 0.03598850965499878
Camera.k3: -0.03366529941558838
Camera.k4: 0.0053024617955088615

# Right Camera calibration and distortion parameters (OpenCV)
Camera2.fx: 284.7732849121094
Camera2.fy: 285.76220703125
Camera2.cx: 431.4237976074219
Camera2.cy: 399.8611145019531

# Kannala-Brandt distortion parameters
Camera2.k1: -0.0018033110536634922
Camera2.k2: 0.03722317889332771
Camera2.k3: -0.03512553870677948
Camera2.k4: 0.0057324911467731

# Transformation matrix from right camera to left camera
Tlr: !!opencv-matrix
  rows: 3
  cols: 4
  dt: f
  data: [9.99991778e-01,  1.00629666e-03,  3.98583936e-03,  6.40139000e-02,
        -1.00587931e-03,  9.99999716e-01, -1.06711478e-04,  1.26064000e-04,
        -3.98594470e-03,  1.02701304e-04,  9.99992278e-01, -5.33140000e-04]

# Lapping area between images
Camera.lappingBegin: 0
Camera.lappingEnd: 847

Camera2.lappingBegin: 0
Camera2.lappingEnd: 847

# Camera resolution
Camera.width: 848
Camera.height: 800

# Camera frames per second
Camera.fps: 20.0

# Color order of the images (0: BGR, 1: RGB. It is ignored if images are grayscale)
Camera.RGB: 1

# Close/Far threshold. Baseline times.
ThDepth: 40.0
Camera.bf: 19.3079


# Transformation from body-frame (imu) to left camera
Tbc: !!opencv-matrix
   rows: 4
   cols: 4
   dt: f
   data: [-9.99977443e-01, -1.62180057e-04,  6.77312944e-03,  1.06990000e-02,
           1.85322311e-04, -9.99994542e-01,  3.41628768e-03, -3.96580000e-06,
           6.77253574e-03,  3.41746448e-03,  9.99971621e-01, -1.44929000e-04,
           0.00000000e+00,  0.00000000e+00,  0.00000000e+00,  1.00000000e+00]

# IMU noise (Use those from VINS-mono)
IMU.NoiseGyro: 2.268e-03 # 0.004 (VINS) # 0.00016 (TUM) # 0.00016    # rad/s^0.5
IMU.NoiseAcc:  8.182e-03 # 0.04 (VINS) # 0.0028 (TUM) # 0.0028     # m/s^1.5
IMU.GyroWalk:  7.071e-04 # 0.000022 (VINS and TUM) rad/s^1.5
IMU.AccWalk:   9.999e-03 # 0.0004 (VINS) # 0.00086 # 0.00086    # m/s^2.5
IMU.Frequency: 200

#--------------------------------------------------------------------------------------------
# ORB Parameters
#--------------------------------------------------------------------------------------------

# ORB Extractor: Number of features per image
ORBextractor.nFeatures: 1000 # Tested with 1250

# ORB Extractor: Scale factor between levels in the scale pyramid
ORBextractor.scaleFactor: 1.2

# ORB Extractor: Number of levels in the scale pyramid
ORBextractor.nLevels: 8

# ORB Extractor: Fast threshold
# Image is divided in a grid. At each cell FAST are extracted imposing a minimum response.
# Firstly we impose iniThFAST. If no corners are detected we impose a lower value minThFAST
# You can lower these values if your images have low contrast
ORBextractor.iniThFAST: 20 # 20
ORBextractor.minThFAST: 7 # 7

ORBextractor.maskLFname: "/home/sgk/eth/research/rowesys-vio/masks/t265/45-deg_left_mask.png"
ORBextractor.maskRFname: "/home/sgk/eth/research/rowesys-vio/masks/t265/45-deg_right_mask.png"

#--------------------------------------------------------------------------------------------
# Viewer Parameters
#--------------------------------------------------------------------------------------------
Viewer.KeyFrameSize: 0.05
Viewer.KeyFrameLineWidth: 1
Viewer.GraphLineWidth: 0.9
Viewer.PointSize: 2
Viewer.CameraSize: 0.08
Viewer.CameraLineWidth: 3
Viewer.ViewpointX: 0
Viewer.ViewpointY: -0.7
Viewer.ViewpointZ: -3.5
Viewer.ViewpointF: 500
