%YAML:1.0

#--------------------------------------------------------------------------------------------
# Camera Parameters. Adjust them!
#--------------------------------------------------------------------------------------------
Camera.type: "KannalaBrandt8"

# Left Camera calibration and distortion parameters (OpenCV)
Camera.fx: 287.67233586332935
Camera.fy: 287.77426298424706
Camera.cx: 421.58363773940675
Camera.cy: 394.3385953090778

# Kannala-Brandt distortion parameters
Camera.k1: -0.012372057296136389
Camera.k2: 0.05688636449431429
Camera.k3: -0.05285715772628199
Camera.k4: 0.010799943603548193

# Right Camera calibration and distortion parameters (OpenCV)
Camera2.fx: 287.57932284173796
Camera2.fy: 287.7363910902285
Camera2.cx: 432.5547634538379
Camera2.cy: 399.4949121719665

# Kannala-Brandt distortion parameters
Camera2.k1: -0.012241361198737845
Camera2.k2: 0.055520847735630485
Camera2.k3: -0.051649008567668075
Camera2.k4: 0.010575476403826634

# Transformation matrix from right camera to left camera
Tlr: !!opencv-matrix
  rows: 3
  cols: 4
  dt: f
  data: [ 0.9999876 ,  0.00080839,  0.00491377,  0.06370289,
         -0.00079689,  0.99999694, -0.002342  , -0.0015336 ,
         -0.00491564,  0.00233806,  0.99998519,  0.00059949 ]

# Lapping area between images
Camera.lappingBegin: 0
Camera.lappingEnd: 847

Camera2.lappingBegin: 0
Camera2.lappingEnd: 847

# Camera resolution
Camera.width: 848
Camera.height: 800

# Camera frames per second
Camera.fps: 30.0

# Color order of the images (0: BGR, 1: RGB. It is ignored if images are grayscale)
Camera.RGB: 1

# Close/Far threshold. Baseline times.
ThDepth: 40.0
Camera.bf: 19.3079


# Transformation from body-frame (imu) to left camera
Tbc: !!opencv-matrix
   rows: 4
   cols: 4
   dt: f
   data: [-0.99999395, -0.00147596,  0.00314862,  0.01177497,
           0.00148123, -0.99999751,  0.00167191,  0.00498236,
           0.00314614,  0.00167656,  0.99999365,  0.00570402,
           0.,          0.,          0.,          1.         ]

# IMU noise (Use those from VINS-mono)
IMU.NoiseGyro: 2.268e-03 # 0.004 (VINS) # 0.00016 (TUM) # 0.00016    # rad/s^0.5
IMU.NoiseAcc:  8.182e-03 # 0.04 (VINS) # 0.0028 (TUM) # 0.0028     # m/s^1.5
IMU.GyroWalk:  7.071e-04 # 0.000022 (VINS and TUM) rad/s^1.5
IMU.AccWalk:   9.999e-03 # 0.0004 (VINS) # 0.00086 # 0.00086    # m/s^2.5
IMU.Frequency: 200

#--------------------------------------------------------------------------------------------
# ORB Parameters
#--------------------------------------------------------------------------------------------

# Whether or not to detect and close loops. 1 to enable, 0 to disable.
System.EnableLoopClosing: 1

# ORB Extractor: Number of features per image
ORBextractor.nFeatures: 1000 # Tested with 1250

# ORB Extractor: Scale factor between levels in the scale pyramid
ORBextractor.scaleFactor: 1.2

# ORB Extractor: Number of levels in the scale pyramid
ORBextractor.nLevels: 8

# ORB Extractor: Fast threshold
# Image is divided in a grid. At each cell FAST are extracted imposing a minimum response.
# Firstly we impose iniThFAST. If no corners are detected we impose a lower value minThFAST
# You can lower these values if your images have low contrast
ORBextractor.iniThFAST: 20 # 20
ORBextractor.minThFAST: 7 # 7

ORBextractor.maskLFname: "/home/sgk/eth/research/rowesys-vio/masks/t265/45-deg/left_mask.png"
ORBextractor.maskRFname: "/home/sgk/eth/research/rowesys-vio/masks/t265/45-deg/right_mask.png"

#--------------------------------------------------------------------------------------------
# Viewer Parameters
#--------------------------------------------------------------------------------------------
Viewer.KeyFrameSize: 0.05
Viewer.KeyFrameLineWidth: 1
Viewer.GraphLineWidth: 0.9
Viewer.PointSize: 2
Viewer.CameraSize: 0.08
Viewer.CameraLineWidth: 3
Viewer.ViewpointX: 0
Viewer.ViewpointY: -0.7
Viewer.ViewpointZ: -3.5
Viewer.ViewpointF: 500
